-1.570796326794896558e+00 -1.570796326794896558e+00 -1.570796326794896558e+00 -1.570796326794896558e+00 1.570796326794896558e+00 1.570796326794896558e+00 1.570796326794896558e+00 1.570796326794896558e+00 1.570796326794896558e+00 1.570796326794896558e+00 1.570796326794896558e+00 1.570796326794896558e+00 0.000000000000000000e+00 0.000000000000000000e+00 0.000000000000000000e+00 0.000000000000000000e+00
-1.570796326794896558e+00 -1.570796326794896558e+00 -1.570796326794896558e+00 -1.570796326794896558e+00 1.570796326794896558e+00 1.570796326794896558e+00 1.570796326794896558e+00 1.570796326794896558e+00 1.570796326794896558e+00 -2.827433388230813804e+00 1.570796326794896558e+00 -3.141592653589793116e-01 -6.283185307179586232e-01 6.283185307179586232e-01 1.047197551196597631e+00 -1.047197551196597631e+00
-1.570796326794896558e+00 -1.570796326794896558e+00 -1.570796326794896558e+00 -1.570796326794896558e+00 1.570796326794896558e+00 1.570796326794896558e+00 1.570796326794896558e+00 1.570796326794896558e+00 1.570796326794896558e+00 2.199114857512855181e+00 1.570796326794896558e+00 9.424777960769379348e-01 1.884955592153875870e+00 -1.884955592153875870e+00 -1.047197551196597631e+00 1.047197551196597631e+00
-1.570796326794896558e+00 -1.570796326794896558e+00 -1.570796326794896558e+00 -1.570796326794896558e+00 1.570796326794896558e+00 1.570796326794896558e+00 1.570796326794896558e+00 1.570796326794896558e+00 1.570796326794896558e+00 9.424777960769379348e-01 1.570796326794896558e+00 2.199114857512855181e+00 -1.884955592153875870e+00 1.884955592153875870e+00 3.141592653589793116e+00 -3.141592653589793116e+00
-1.570796326794896558e+00 -1.570796326794896558e+00 -1.570796326794896558e+00 -1.570796326794896558e+00 1.570796326794896558e+00 1.570796326794896558e+00 1.570796326794896558e+00 1.570796326794896558e+00 1.570796326794896558e+00 -3.141592653589793116e-01 1.570796326794896558e+00 -2.827433388230813804e+00 6.283185307179586232e-01 -6.283185307179586232e-01 1.047197551196597631e+00 -1.047197551196597631e+00
-1.570796326794896558e+00 -1.570796326794896558e+00 -1.570796326794896558e+00 -1.570796326794896558e+00 1.570796326794896558e+00 1.570796326794896558e+00 1.570796326794896558e+00 1.570796326794896558e+00 -2.617993877991494411e+00 1.570796326794896558e+00 -5.235987755982988157e-01 1.570796326794896558e+00 0.000000000000000000e+00 0.000000000000000000e+00 0.000000000000000000e+00 0.000000000000000000e+00
-1.570796326794896558e+00 -1.570796326794896558e+00 -1.570796326794896558e+00 -1.570796326794896558e+00 1.570796326794896558e+00 1.570796326794896558e+00 1.570796326794896558e+00 1.570796326794896558e+00 1.570796326794896558e+00 3.141592653589793116e-01 1.570796326794896558e+00 2.827433388230813804e+00 2.513274122871834493e+00 -2.513274122871834493e+00 0.000000000000000000e+00 0.000000000000000000e+00
-1.570796326794896558e+00 -1.570796326794896558e+00 -1.570796326794896558e+00 -1.570796326794896558e+00 1.570796326794896558e+00 1.570796326794896558e+00 1.570796326794896558e+00 1.570796326794896558e+00 1.570796326794896558e+00 2.199114857512855181e+00 1.570796326794896558e+00 9.424777960769379348e-01 1.884955592153875870e+00 -1.884955592153875870e+00 1.047197551196597631e+00 -1.047197551196597631e+00
-1.570796326794896558e+00 -1.570796326794896558e+00 -1.570796326794896558e+00 -1.570796326794896558e+00 1.570796326794896558e+00 1.570796326794896558e+00 1.570796326794896558e+00 1.570796326794896558e+00 1.570796326794896558e+00 9.424777960769379348e-01 1.570796326794896558e+00 2.199114857512855181e+00 -1.884955592153875870e+00 1.884955592153875870e+00 -1.047197551196597631e+00 1.047197551196597631e+00
-1.570796326794896558e+00 -1.570796326794896558e+00 -1.570796326794896558e+00 -1.570796326794896558e+00 1.570796326794896558e+00 1.570796326794896558e+00 1.570796326794896558e+00 1.570796326794896558e+00 1.570796326794896558e+00 2.827433388230813804e+00 1.570796326794896558e+00 3.141592653589793116e-01 -2.513274122871834493e+00 2.513274122871834493e+00 0.000000000000000000e+00 0.000000000000000000e+00
-1.570796326794896558e+00 -1.570796326794896558e+00 -1.570796326794896558e+00 -1.570796326794896558e+00 1.570796326794896558e+00 1.570796326794896558e+00 1.570796326794896558e+00 1.570796326794896558e+00 -5.235987755982988157e-01 1.570796326794896558e+00 -2.617993877991494411e+00 1.570796326794896558e+00 0.000000000000000000e+00 0.000000000000000000e+00 0.000000000000000000e+00 0.000000000000000000e+00
-1.570796326794896558e+00 -1.570796326794896558e+00 -1.570796326794896558e+00 -1.570796326794896558e+00 1.570796326794896558e+00 1.570796326794896558e+00 1.570796326794896558e+00 1.570796326794896558e+00 1.570796326794896558e+00 -2.827433388230813804e+00 1.570796326794896558e+00 -3.141592653589793116e-01 -6.283185307179586232e-01 6.283185307179586232e-01 -1.047197551196597631e+00 1.047197551196597631e+00
-1.570796326794896558e+00 -1.570796326794896558e+00 -1.570796326794896558e+00 -1.570796326794896558e+00 1.570796326794896558e+00 1.570796326794896558e+00 1.570796326794896558e+00 1.570796326794896558e+00 1.570796326794896558e+00 2.199114857512855181e+00 1.570796326794896558e+00 9.424777960769379348e-01 1.884955592153875870e+00 -1.884955592153875870e+00 -3.141592653589793116e+00 3.141592653589793116e+00
-1.570796326794896558e+00 -1.570796326794896558e+00 -1.570796326794896558e+00 -1.570796326794896558e+00 1.570796326794896558e+00 1.570796326794896558e+00 1.570796326794896558e+00 1.570796326794896558e+00 1.570796326794896558e+00 9.424777960769379348e-01 1.570796326794896558e+00 2.199114857512855181e+00 -1.884955592153875870e+00 1.884955592153875870e+00 1.047197551196597631e+00 -1.047197551196597631e+00
-1.570796326794896558e+00 -1.570796326794896558e+00 -1.570796326794896558e+00 -1.570796326794896558e+00 1.570796326794896558e+00 1.570796326794896558e+00 1.570796326794896558e+00 1.570796326794896558e+00 1.570796326794896558e+00 -3.141592653589793116e-01 1.570796326794896558e+00 -2.827433388230813804e+00 6.283185307179586232e-01 -6.283185307179586232e-01 -1.047197551196597631e+00 1.047197551196597631e+00
0.000000000000000000e+00 0.000000000000000000e+00 0.000000000000000000e+00 0.000000000000000000e+00 3.141592653589793116e+00 0.000000000000000000e+00 0.000000000000000000e+00 0.000000000000000000e+00 0.000000000000000000e+00 0.000000000000000000e+00 0.000000000000000000e+00 0.000000000000000000e+00 0.000000000000000000e+00 0.000000000000000000e+00 0.000000000000000000e+00 0.000000000000000000e+00
0.000000000000000000e+00 0.000000000000000000e+00 0.000000000000000000e+00 0.000000000000000000e+00 0.000000000000000000e+00 3.141592653589793116e+00 0.000000000000000000e+00 0.000000000000000000e+00 0.000000000000000000e+00 0.000000000000000000e+00 0.000000000000000000e+00 0.000000000000000000e+00 0.000000000000000000e+00 0.000000000000000000e+00 0.000000000000000000e+00 0.000000000000000000e+00
0.000000000000000000e+00 0.000000000000000000e+00 0.000000000000000000e+00 0.000000000000000000e+00 3.141592653589793116e+00 3.141592653589793116e+00 0.000000000000000000e+00 0.000000000000000000e+00 0.000000000000000000e+00 0.000000000000000000e+00 0.000000000000000000e+00 0.000000000000000000e+00 0.000000000000000000e+00 0.000000000000000000e+00 0.000000000000000000e+00 0.000000000000000000e+00
0.000000000000000000e+00 0.000000000000000000e+00 0.000000000000000000e+00 0.000000000000000000e+00 0.000000000000000000e+00 0.000000000000000000e+00 3.141592653589793116e+00 0.000000000000000000e+00 0.000000000000000000e+00 0.000000000000000000e+00 0.000000000000000000e+00 0.000000000000000000e+00 0.000000000000000000e+00 0.000000000000000000e+00 0.000000000000000000e+00 0.000000000000000000e+00
0.000000000000000000e+00 0.000000000000000000e+00 0.000000000000000000e+00 0.000000000000000000e+00 0.000000000000000000e+00 3.141592653589793116e+00 3.141592653589793116e+00 0.000000000000000000e+00 0.000000000000000000e+00 0.000000000000000000e+00 0.000000000000000000e+00 0.000000000000000000e+00 0.000000000000000000e+00 0.000000000000000000e+00 0.000000000000000000e+00 0.000000000000000000e+00
0.000000000000000000e+00 0.000000000000000000e+00 0.000000000000000000e+00 0.000000000000000000e+00 3.141592653589793116e+00 3.141592653589793116e+00 3.141592653589793116e+00 0.000000000000000000e+00 0.000000000000000000e+00 0.000000000000000000e+00 0.000000000000000000e+00 0.000000000000000000e+00 0.000000000000000000e+00 0.000000000000000000e+00 0.000000000000000000e+00 0.000000000000000000e+00
0.000000000000000000e+00 0.000000000000000000e+00 0.000000000000000000e+00 0.000000000000000000e+00 0.000000000000000000e+00 0.000000000000000000e+00 0.000000000000000000e+00 3.141592653589793116e+00 0.000000000000000000e+00 0.000000000000000000e+00 0.000000000000000000e+00 0.000000000000000000e+00 0.000000000000000000e+00 0.000000000000000000e+00 0.000000000000000000e+00 0.000000000000000000e+00
0.000000000000000000e+00 0.000000000000000000e+00 0.000000000000000000e+00 0.000000000000000000e+00 3.141592653589793116e+00 0.000000000000000000e+00 0.000000000000000000e+00 3.141592653589793116e+00 0.000000000000000000e+00 0.000000000000000000e+00 0.000000000000000000e+00 0.000000000000000000e+00 0.000000000000000000e+00 0.000000000000000000e+00 0.000000000000000000e+00 0.000000000000000000e+00
0.000000000000000000e+00 0.000000000000000000e+00 0.000000000000000000e+00 0.000000000000000000e+00 3.141592653589793116e+00 3.141592653589793116e+00 0.000000000000000000e+00 3.141592653589793116e+00 0.000000000000000000e+00 0.000000000000000000e+00 0.000000000000000000e+00 0.000000000000000000e+00 0.000000000000000000e+00 0.000000000000000000e+00 0.000000000000000000e+00 0.000000000000000000e+00
0.000000000000000000e+00 0.000000000000000000e+00 0.000000000000000000e+00 0.000000000000000000e+00 0.000000000000000000e+00 0.000000000000000000e+00 3.141592653589793116e+00 3.141592653589793116e+00 0.000000000000000000e+00 0.000000000000000000e+00 0.000000000000000000e+00 0.000000000000000000e+00 0.000000000000000000e+00 0.000000000000000000e+00 0.000000000000000000e+00 0.000000000000000000e+00
0.000000000000000000e+00 0.000000000000000000e+00 0.000000000000000000e+00 0.000000000000000000e+00 3.141592653589793116e+00 0.000000000000000000e+00 3.141592653589793116e+00 3.141592653589793116e+00 0.000000000000000000e+00 0.000000000000000000e+00 0.000000000000000000e+00 0.000000000000000000e+00 0.000000000000000000e+00 0.000000000000000000e+00 0.000000000000000000e+00 0.000000000000000000e+00
0.000000000000000000e+00 0.000000000000000000e+00 0.000000000000000000e+00 0.000000000000000000e+00 0.000000000000000000e+00 3.141592653589793116e+00 3.141592653589793116e+00 3.141592653589793116e+00 0.000000000000000000e+00 0.000000000000000000e+00 0.000000000000000000e+00 0.000000000000000000e+00 0.000000000000000000e+00 0.000000000000000000e+00 0.000000000000000000e+00 0.000000000000000000e+00
